UO2.cif. Supercell: 4 x 4 x 4                                                   
         0         3
         21.87200000          0.00000000          0.00000000
          0.00000000         21.87200000          0.00000000
          0.00000000          0.00000000         21.87200000
O                1
         -9.56900000         -9.56900000         -9.56900000
O                2
         -9.56900000         -9.56900000         -4.10100000
O                3
         -9.56900000         -9.56900000          1.36700000
O                4
         -9.56900000         -9.56900000          6.83500000
O                5
         -9.56900000         -4.10100000         -9.56900000
O                6
         -9.56900000         -4.10100000         -4.10100000
O                7
         -9.56900000         -4.10100000          1.36700000
O                8
         -9.56900000         -4.10100000          6.83500000
O                9
         -9.56900000          1.36700000         -9.56900000
O               10
         -9.56900000          1.36700000         -4.10100000
O               11
         -9.56900000          1.36700000          1.36700000
O               12
         -9.56900000          1.36700000          6.83500000
O               13
         -9.56900000          6.83500000         -9.56900000
O               14
         -9.56900000          6.83500000         -4.10100000
O               15
         -9.56900000          6.83500000          1.36700000
O               16
         -9.56900000          6.83500000          6.83500000
O               17
         -4.10100000         -9.56900000         -9.56900000
O               18
         -4.10100000         -9.56900000         -4.10100000
O               19
         -4.10100000         -9.56900000          1.36700000
O               20
         -4.10100000         -9.56900000          6.83500000
O               21
         -4.10100000         -4.10100000         -9.56900000
O               22
         -4.10100000         -4.10100000         -4.10100000
O               23
         -4.10100000         -4.10100000          1.36700000
O               24
         -4.10100000         -4.10100000          6.83500000
O               25
         -4.10100000          1.36700000         -9.56900000
O               26
         -4.10100000          1.36700000         -4.10100000
O               27
         -4.10100000          1.36700000          1.36700000
O               28
         -4.10100000          1.36700000          6.83500000
O               29
         -4.10100000          6.83500000         -9.56900000
O               30
         -4.10100000          6.83500000         -4.10100000
O               31
         -4.10100000          6.83500000          1.36700000
O               32
         -4.10100000          6.83500000          6.83500000
O               33
          1.36700000         -9.56900000         -9.56900000
O               34
          1.36700000         -9.56900000         -4.10100000
O               35
          1.36700000         -9.56900000          1.36700000
O               36
          1.36700000         -9.56900000          6.83500000
O               37
          1.36700000         -4.10100000         -9.56900000
O               38
          1.36700000         -4.10100000         -4.10100000
O               39
          1.36700000         -4.10100000          1.36700000
O               40
          1.36700000         -4.10100000          6.83500000
O               41
          1.36700000          1.36700000         -9.56900000
O               42
          1.36700000          1.36700000         -4.10100000
O               43
          1.36700000          1.36700000          1.36700000
O               44
          1.36700000          1.36700000          6.83500000
O               45
          1.36700000          6.83500000         -9.56900000
O               46
          1.36700000          6.83500000         -4.10100000
O               47
          1.36700000          6.83500000          1.36700000
O               48
          1.36700000          6.83500000          6.83500000
O               49
          6.83500000         -9.56900000         -9.56900000
O               50
          6.83500000         -9.56900000         -4.10100000
O               51
          6.83500000         -9.56900000          1.36700000
O               52
          6.83500000         -9.56900000          6.83500000
O               53
          6.83500000         -4.10100000         -9.56900000
O               54
          6.83500000         -4.10100000         -4.10100000
O               55
          6.83500000         -4.10100000          1.36700000
O               56
          6.83500000         -4.10100000          6.83500000
O               57
          6.83500000          1.36700000         -9.56900000
O               58
          6.83500000          1.36700000         -4.10100000
O               59
          6.83500000          1.36700000          1.36700000
O               60
          6.83500000          1.36700000          6.83500000
O               61
          6.83500000          6.83500000         -9.56900000
O               62
          6.83500000          6.83500000         -4.10100000
O               63
          6.83500000          6.83500000          1.36700000
O               64
          6.83500000          6.83500000          6.83500000
O               65
         -6.83500000         -6.83500000         -6.83500000
O               66
         -6.83500000         -6.83500000         -1.36700000
O               67
         -6.83500000         -6.83500000          4.10100000
O               68
         -6.83500000         -6.83500000          9.56900000
O               69
         -6.83500000         -1.36700000         -6.83500000
O               70
         -6.83500000         -1.36700000         -1.36700000
O               71
         -6.83500000         -1.36700000          4.10100000
O               72
         -6.83500000         -1.36700000          9.56900000
O               73
         -6.83500000          4.10100000         -6.83500000
O               74
         -6.83500000          4.10100000         -1.36700000
O               75
         -6.83500000          4.10100000          4.10100000
O               76
         -6.83500000          4.10100000          9.56900000
O               77
         -6.83500000          9.56900000         -6.83500000
O               78
         -6.83500000          9.56900000         -1.36700000
O               79
         -6.83500000          9.56900000          4.10100000
O               80
         -6.83500000          9.56900000          9.56900000
O               81
         -1.36700000         -6.83500000         -6.83500000
O               82
         -1.36700000         -6.83500000         -1.36700000
O               83
         -1.36700000         -6.83500000          4.10100000
O               84
         -1.36700000         -6.83500000          9.56900000
O               85
         -1.36700000         -1.36700000         -6.83500000
O               86
         -1.36700000         -1.36700000         -1.36700000
O               87
         -1.36700000         -1.36700000          4.10100000
O               88
         -1.36700000         -1.36700000          9.56900000
O               89
         -1.36700000          4.10100000         -6.83500000
O               90
         -1.36700000          4.10100000         -1.36700000
O               91
         -1.36700000          4.10100000          4.10100000
O               92
         -1.36700000          4.10100000          9.56900000
O               93
         -1.36700000          9.56900000         -6.83500000
O               94
         -1.36700000          9.56900000         -1.36700000
O               95
         -1.36700000          9.56900000          4.10100000
O               96
         -1.36700000          9.56900000          9.56900000
O               97
          4.10100000         -6.83500000         -6.83500000
O               98
          4.10100000         -6.83500000         -1.36700000
O               99
          4.10100000         -6.83500000          4.10100000
O              100
          4.10100000         -6.83500000          9.56900000
O              101
          4.10100000         -1.36700000         -6.83500000
O              102
          4.10100000         -1.36700000         -1.36700000
O              103
          4.10100000         -1.36700000          4.10100000
O              104
          4.10100000         -1.36700000          9.56900000
O              105
          4.10100000          4.10100000         -6.83500000
O              106
          4.10100000          4.10100000         -1.36700000
O              107
          4.10100000          4.10100000          4.10100000
O              108
          4.10100000          4.10100000          9.56900000
O              109
          4.10100000          9.56900000         -6.83500000
O              110
          4.10100000          9.56900000         -1.36700000
O              111
          4.10100000          9.56900000          4.10100000
O              112
          4.10100000          9.56900000          9.56900000
O              113
          9.56900000         -6.83500000         -6.83500000
O              114
          9.56900000         -6.83500000         -1.36700000
O              115
          9.56900000         -6.83500000          4.10100000
O              116
          9.56900000         -6.83500000          9.56900000
O              117
          9.56900000         -1.36700000         -6.83500000
O              118
          9.56900000         -1.36700000         -1.36700000
O              119
          9.56900000         -1.36700000          4.10100000
O              120
          9.56900000         -1.36700000          9.56900000
O              121
          9.56900000          4.10100000         -6.83500000
O              122
          9.56900000          4.10100000         -1.36700000
O              123
          9.56900000          4.10100000          4.10100000
O              124
          9.56900000          4.10100000          9.56900000
O              125
          9.56900000          9.56900000         -6.83500000
O              126
          9.56900000          9.56900000         -1.36700000
O              127
          9.56900000          9.56900000          4.10100000
O              128
          9.56900000          9.56900000          9.56900000
O              129
         -6.83500000         -6.83500000         -9.56900000
O              130
         -6.83500000         -6.83500000         -4.10100000
O              131
         -6.83500000         -6.83500000          1.36700000
O              132
         -6.83500000         -6.83500000          6.83500000
O              133
         -6.83500000         -1.36700000         -9.56900000
O              134
         -6.83500000         -1.36700000         -4.10100000
O              135
         -6.83500000         -1.36700000          1.36700000
O              136
         -6.83500000         -1.36700000          6.83500000
O              137
         -6.83500000          4.10100000         -9.56900000
O              138
         -6.83500000          4.10100000         -4.10100000
O              139
         -6.83500000          4.10100000          1.36700000
O              140
         -6.83500000          4.10100000          6.83500000
O              141
         -6.83500000          9.56900000         -9.56900000
O              142
         -6.83500000          9.56900000         -4.10100000
O              143
         -6.83500000          9.56900000          1.36700000
O              144
         -6.83500000          9.56900000          6.83500000
O              145
         -1.36700000         -6.83500000         -9.56900000
O              146
         -1.36700000         -6.83500000         -4.10100000
O              147
         -1.36700000         -6.83500000          1.36700000
O              148
         -1.36700000         -6.83500000          6.83500000
O              149
         -1.36700000         -1.36700000         -9.56900000
O              150
         -1.36700000         -1.36700000         -4.10100000
O              151
         -1.36700000         -1.36700000          1.36700000
O              152
         -1.36700000         -1.36700000          6.83500000
O              153
         -1.36700000          4.10100000         -9.56900000
O              154
         -1.36700000          4.10100000         -4.10100000
O              155
         -1.36700000          4.10100000          1.36700000
O              156
         -1.36700000          4.10100000          6.83500000
O              157
         -1.36700000          9.56900000         -9.56900000
O              158
         -1.36700000          9.56900000         -4.10100000
O              159
         -1.36700000          9.56900000          1.36700000
O              160
         -1.36700000          9.56900000          6.83500000
O              161
          4.10100000         -6.83500000         -9.56900000
O              162
          4.10100000         -6.83500000         -4.10100000
O              163
          4.10100000         -6.83500000          1.36700000
O              164
          4.10100000         -6.83500000          6.83500000
O              165
          4.10100000         -1.36700000         -9.56900000
O              166
          4.10100000         -1.36700000         -4.10100000
O              167
          4.10100000         -1.36700000          1.36700000
O              168
          4.10100000         -1.36700000          6.83500000
O              169
          4.10100000          4.10100000         -9.56900000
O              170
          4.10100000          4.10100000         -4.10100000
O              171
          4.10100000          4.10100000          1.36700000
O              172
          4.10100000          4.10100000          6.83500000
O              173
          4.10100000          9.56900000         -9.56900000
O              174
          4.10100000          9.56900000         -4.10100000
O              175
          4.10100000          9.56900000          1.36700000
O              176
          4.10100000          9.56900000          6.83500000
O              177
          9.56900000         -6.83500000         -9.56900000
O              178
          9.56900000         -6.83500000         -4.10100000
O              179
          9.56900000         -6.83500000          1.36700000
O              180
          9.56900000         -6.83500000          6.83500000
O              181
          9.56900000         -1.36700000         -9.56900000
O              182
          9.56900000         -1.36700000         -4.10100000
O              183
          9.56900000         -1.36700000          1.36700000
O              184
          9.56900000         -1.36700000          6.83500000
O              185
          9.56900000          4.10100000         -9.56900000
O              186
          9.56900000          4.10100000         -4.10100000
O              187
          9.56900000          4.10100000          1.36700000
O              188
          9.56900000          4.10100000          6.83500000
O              189
          9.56900000          9.56900000         -9.56900000
O              190
          9.56900000          9.56900000         -4.10100000
O              191
          9.56900000          9.56900000          1.36700000
O              192
          9.56900000          9.56900000          6.83500000
O              193
         -6.83500000         -9.56900000         -6.83500000
O              194
         -6.83500000         -9.56900000         -1.36700000
O              195
         -6.83500000         -9.56900000          4.10100000
O              196
         -6.83500000         -9.56900000          9.56900000
O              197
         -6.83500000         -4.10100000         -6.83500000
O              198
         -6.83500000         -4.10100000         -1.36700000
O              199
         -6.83500000         -4.10100000          4.10100000
O              200
         -6.83500000         -4.10100000          9.56900000
O              201
         -6.83500000          1.36700000         -6.83500000
O              202
         -6.83500000          1.36700000         -1.36700000
O              203
         -6.83500000          1.36700000          4.10100000
O              204
         -6.83500000          1.36700000          9.56900000
O              205
         -6.83500000          6.83500000         -6.83500000
O              206
         -6.83500000          6.83500000         -1.36700000
O              207
         -6.83500000          6.83500000          4.10100000
O              208
         -6.83500000          6.83500000          9.56900000
O              209
         -1.36700000         -9.56900000         -6.83500000
O              210
         -1.36700000         -9.56900000         -1.36700000
O              211
         -1.36700000         -9.56900000          4.10100000
O              212
         -1.36700000         -9.56900000          9.56900000
O              213
         -1.36700000         -4.10100000         -6.83500000
O              214
         -1.36700000         -4.10100000         -1.36700000
O              215
         -1.36700000         -4.10100000          4.10100000
O              216
         -1.36700000         -4.10100000          9.56900000
O              217
         -1.36700000          1.36700000         -6.83500000
O              218
         -1.36700000          1.36700000         -1.36700000
O              219
         -1.36700000          1.36700000          4.10100000
O              220
         -1.36700000          1.36700000          9.56900000
O              221
         -1.36700000          6.83500000         -6.83500000
O              222
         -1.36700000          6.83500000         -1.36700000
O              223
         -1.36700000          6.83500000          4.10100000
O              224
         -1.36700000          6.83500000          9.56900000
O              225
          4.10100000         -9.56900000         -6.83500000
O              226
          4.10100000         -9.56900000         -1.36700000
O              227
          4.10100000         -9.56900000          4.10100000
O              228
          4.10100000         -9.56900000          9.56900000
O              229
          4.10100000         -4.10100000         -6.83500000
O              230
          4.10100000         -4.10100000         -1.36700000
O              231
          4.10100000         -4.10100000          4.10100000
O              232
          4.10100000         -4.10100000          9.56900000
O              233
          4.10100000          1.36700000         -6.83500000
O              234
          4.10100000          1.36700000         -1.36700000
O              235
          4.10100000          1.36700000          4.10100000
O              236
          4.10100000          1.36700000          9.56900000
O              237
          4.10100000          6.83500000         -6.83500000
O              238
          4.10100000          6.83500000         -1.36700000
O              239
          4.10100000          6.83500000          4.10100000
O              240
          4.10100000          6.83500000          9.56900000
O              241
          9.56900000         -9.56900000         -6.83500000
O              242
          9.56900000         -9.56900000         -1.36700000
O              243
          9.56900000         -9.56900000          4.10100000
O              244
          9.56900000         -9.56900000          9.56900000
O              245
          9.56900000         -4.10100000         -6.83500000
O              246
          9.56900000         -4.10100000         -1.36700000
O              247
          9.56900000         -4.10100000          4.10100000
O              248
          9.56900000         -4.10100000          9.56900000
O              249
          9.56900000          1.36700000         -6.83500000
O              250
          9.56900000          1.36700000         -1.36700000
O              251
          9.56900000          1.36700000          4.10100000
O              252
          9.56900000          1.36700000          9.56900000
O              253
          9.56900000          6.83500000         -6.83500000
O              254
          9.56900000          6.83500000         -1.36700000
O              255
          9.56900000          6.83500000          4.10100000
O              256
          9.56900000          6.83500000          9.56900000
O              257
         -6.83500000         -9.56900000         -9.56900000
O              258
         -6.83500000         -9.56900000         -4.10100000
O              259
         -6.83500000         -9.56900000          1.36700000
O              260
         -6.83500000         -9.56900000          6.83500000
O              261
         -6.83500000         -4.10100000         -9.56900000
O              262
         -6.83500000         -4.10100000         -4.10100000
O              263
         -6.83500000         -4.10100000          1.36700000
O              264
         -6.83500000         -4.10100000          6.83500000
O              265
         -6.83500000          1.36700000         -9.56900000
O              266
         -6.83500000          1.36700000         -4.10100000
O              267
         -6.83500000          1.36700000          1.36700000
O              268
         -6.83500000          1.36700000          6.83500000
O              269
         -6.83500000          6.83500000         -9.56900000
O              270
         -6.83500000          6.83500000         -4.10100000
O              271
         -6.83500000          6.83500000          1.36700000
O              272
         -6.83500000          6.83500000          6.83500000
O              273
         -1.36700000         -9.56900000         -9.56900000
O              274
         -1.36700000         -9.56900000         -4.10100000
O              275
         -1.36700000         -9.56900000          1.36700000
O              276
         -1.36700000         -9.56900000          6.83500000
O              277
         -1.36700000         -4.10100000         -9.56900000
O              278
         -1.36700000         -4.10100000         -4.10100000
O              279
         -1.36700000         -4.10100000          1.36700000
O              280
         -1.36700000         -4.10100000          6.83500000
O              281
         -1.36700000          1.36700000         -9.56900000
O              282
         -1.36700000          1.36700000         -4.10100000
O              283
         -1.36700000          1.36700000          1.36700000
O              284
         -1.36700000          1.36700000          6.83500000
O              285
         -1.36700000          6.83500000         -9.56900000
O              286
         -1.36700000          6.83500000         -4.10100000
O              287
         -1.36700000          6.83500000          1.36700000
O              288
         -1.36700000          6.83500000          6.83500000
O              289
          4.10100000         -9.56900000         -9.56900000
O              290
          4.10100000         -9.56900000         -4.10100000
O              291
          4.10100000         -9.56900000          1.36700000
O              292
          4.10100000         -9.56900000          6.83500000
O              293
          4.10100000         -4.10100000         -9.56900000
O              294
          4.10100000         -4.10100000         -4.10100000
O              295
          4.10100000         -4.10100000          1.36700000
O              296
          4.10100000         -4.10100000          6.83500000
O              297
          4.10100000          1.36700000         -9.56900000
O              298
          4.10100000          1.36700000         -4.10100000
O              299
          4.10100000          1.36700000          1.36700000
O              300
          4.10100000          1.36700000          6.83500000
O              301
          4.10100000          6.83500000         -9.56900000
O              302
          4.10100000          6.83500000         -4.10100000
O              303
          4.10100000          6.83500000          1.36700000
O              304
          4.10100000          6.83500000          6.83500000
O              305
          9.56900000         -9.56900000         -9.56900000
O              306
          9.56900000         -9.56900000         -4.10100000
O              307
          9.56900000         -9.56900000          1.36700000
O              308
          9.56900000         -9.56900000          6.83500000
O              309
          9.56900000         -4.10100000         -9.56900000
O              310
          9.56900000         -4.10100000         -4.10100000
O              311
          9.56900000         -4.10100000          1.36700000
O              312
          9.56900000         -4.10100000          6.83500000
O              313
          9.56900000          1.36700000         -9.56900000
O              314
          9.56900000          1.36700000         -4.10100000
O              315
          9.56900000          1.36700000          1.36700000
O              316
          9.56900000          1.36700000          6.83500000
O              317
          9.56900000          6.83500000         -9.56900000
O              318
          9.56900000          6.83500000         -4.10100000
O              319
          9.56900000          6.83500000          1.36700000
O              320
          9.56900000          6.83500000          6.83500000
O              321
         -9.56900000         -6.83500000         -6.83500000
O              322
         -9.56900000         -6.83500000         -1.36700000
O              323
         -9.56900000         -6.83500000          4.10100000
O              324
         -9.56900000         -6.83500000          9.56900000
O              325
         -9.56900000         -1.36700000         -6.83500000
O              326
         -9.56900000         -1.36700000         -1.36700000
O              327
         -9.56900000         -1.36700000          4.10100000
O              328
         -9.56900000         -1.36700000          9.56900000
O              329
         -9.56900000          4.10100000         -6.83500000
O              330
         -9.56900000          4.10100000         -1.36700000
O              331
         -9.56900000          4.10100000          4.10100000
O              332
         -9.56900000          4.10100000          9.56900000
O              333
         -9.56900000          9.56900000         -6.83500000
O              334
         -9.56900000          9.56900000         -1.36700000
O              335
         -9.56900000          9.56900000          4.10100000
O              336
         -9.56900000          9.56900000          9.56900000
O              337
         -4.10100000         -6.83500000         -6.83500000
O              338
         -4.10100000         -6.83500000         -1.36700000
O              339
         -4.10100000         -6.83500000          4.10100000
O              340
         -4.10100000         -6.83500000          9.56900000
O              341
         -4.10100000         -1.36700000         -6.83500000
O              342
         -4.10100000         -1.36700000         -1.36700000
O              343
         -4.10100000         -1.36700000          4.10100000
O              344
         -4.10100000         -1.36700000          9.56900000
O              345
         -4.10100000          4.10100000         -6.83500000
O              346
         -4.10100000          4.10100000         -1.36700000
O              347
         -4.10100000          4.10100000          4.10100000
O              348
         -4.10100000          4.10100000          9.56900000
O              349
         -4.10100000          9.56900000         -6.83500000
O              350
         -4.10100000          9.56900000         -1.36700000
O              351
         -4.10100000          9.56900000          4.10100000
O              352
         -4.10100000          9.56900000          9.56900000
O              353
          1.36700000         -6.83500000         -6.83500000
O              354
          1.36700000         -6.83500000         -1.36700000
O              355
          1.36700000         -6.83500000          4.10100000
O              356
          1.36700000         -6.83500000          9.56900000
O              357
          1.36700000         -1.36700000         -6.83500000
O              358
          1.36700000         -1.36700000         -1.36700000
O              359
          1.36700000         -1.36700000          4.10100000
O              360
          1.36700000         -1.36700000          9.56900000
O              361
          1.36700000          4.10100000         -6.83500000
O              362
          1.36700000          4.10100000         -1.36700000
O              363
          1.36700000          4.10100000          4.10100000
O              364
          1.36700000          4.10100000          9.56900000
O              365
          1.36700000          9.56900000         -6.83500000
O              366
          1.36700000          9.56900000         -1.36700000
O              367
          1.36700000          9.56900000          4.10100000
O              368
          1.36700000          9.56900000          9.56900000
O              369
          6.83500000         -6.83500000         -6.83500000
O              370
          6.83500000         -6.83500000         -1.36700000
O              371
          6.83500000         -6.83500000          4.10100000
O              372
          6.83500000         -6.83500000          9.56900000
O              373
          6.83500000         -1.36700000         -6.83500000
O              374
          6.83500000         -1.36700000         -1.36700000
O              375
          6.83500000         -1.36700000          4.10100000
O              376
          6.83500000         -1.36700000          9.56900000
O              377
          6.83500000          4.10100000         -6.83500000
O              378
          6.83500000          4.10100000         -1.36700000
O              379
          6.83500000          4.10100000          4.10100000
O              380
          6.83500000          4.10100000          9.56900000
O              381
          6.83500000          9.56900000         -6.83500000
O              382
          6.83500000          9.56900000         -1.36700000
O              383
          6.83500000          9.56900000          4.10100000
O              384
          6.83500000          9.56900000          9.56900000
O              385
         -9.56900000         -6.83500000         -9.56900000
O              386
         -9.56900000         -6.83500000         -4.10100000
O              387
         -9.56900000         -6.83500000          1.36700000
O              388
         -9.56900000         -6.83500000          6.83500000
O              389
         -9.56900000         -1.36700000         -9.56900000
O              390
         -9.56900000         -1.36700000         -4.10100000
O              391
         -9.56900000         -1.36700000          1.36700000
O              392
         -9.56900000         -1.36700000          6.83500000
O              393
         -9.56900000          4.10100000         -9.56900000
O              394
         -9.56900000          4.10100000         -4.10100000
O              395
         -9.56900000          4.10100000          1.36700000
O              396
         -9.56900000          4.10100000          6.83500000
O              397
         -9.56900000          9.56900000         -9.56900000
O              398
         -9.56900000          9.56900000         -4.10100000
O              399
         -9.56900000          9.56900000          1.36700000
O              400
         -9.56900000          9.56900000          6.83500000
O              401
         -4.10100000         -6.83500000         -9.56900000
O              402
         -4.10100000         -6.83500000         -4.10100000
O              403
         -4.10100000         -6.83500000          1.36700000
O              404
         -4.10100000         -6.83500000          6.83500000
O              405
         -4.10100000         -1.36700000         -9.56900000
O              406
         -4.10100000         -1.36700000         -4.10100000
O              407
         -4.10100000         -1.36700000          1.36700000
O              408
         -4.10100000         -1.36700000          6.83500000
O              409
         -4.10100000          4.10100000         -9.56900000
O              410
         -4.10100000          4.10100000         -4.10100000
O              411
         -4.10100000          4.10100000          1.36700000
O              412
         -4.10100000          4.10100000          6.83500000
O              413
         -4.10100000          9.56900000         -9.56900000
O              414
         -4.10100000          9.56900000         -4.10100000
O              415
         -4.10100000          9.56900000          1.36700000
O              416
         -4.10100000          9.56900000          6.83500000
O              417
          1.36700000         -6.83500000         -9.56900000
O              418
          1.36700000         -6.83500000         -4.10100000
O              419
          1.36700000         -6.83500000          1.36700000
O              420
          1.36700000         -6.83500000          6.83500000
O              421
          1.36700000         -1.36700000         -9.56900000
O              422
          1.36700000         -1.36700000         -4.10100000
O              423
          1.36700000         -1.36700000          1.36700000
O              424
          1.36700000         -1.36700000          6.83500000
O              425
          1.36700000          4.10100000         -9.56900000
O              426
          1.36700000          4.10100000         -4.10100000
O              427
          1.36700000          4.10100000          1.36700000
O              428
          1.36700000          4.10100000          6.83500000
O              429
          1.36700000          9.56900000         -9.56900000
O              430
          1.36700000          9.56900000         -4.10100000
O              431
          1.36700000          9.56900000          1.36700000
O              432
          1.36700000          9.56900000          6.83500000
O              433
          6.83500000         -6.83500000         -9.56900000
O              434
          6.83500000         -6.83500000         -4.10100000
O              435
          6.83500000         -6.83500000          1.36700000
O              436
          6.83500000         -6.83500000          6.83500000
O              437
          6.83500000         -1.36700000         -9.56900000
O              438
          6.83500000         -1.36700000         -4.10100000
O              439
          6.83500000         -1.36700000          1.36700000
O              440
          6.83500000         -1.36700000          6.83500000
O              441
          6.83500000          4.10100000         -9.56900000
O              442
          6.83500000          4.10100000         -4.10100000
O              443
          6.83500000          4.10100000          1.36700000
O              444
          6.83500000          4.10100000          6.83500000
O              445
          6.83500000          9.56900000         -9.56900000
O              446
          6.83500000          9.56900000         -4.10100000
O              447
          6.83500000          9.56900000          1.36700000
O              448
          6.83500000          9.56900000          6.83500000
O              449
         -9.56900000         -9.56900000         -6.83500000
O              450
         -9.56900000         -9.56900000         -1.36700000
O              451
         -9.56900000         -9.56900000          4.10100000
O              452
         -9.56900000         -9.56900000          9.56900000
O              453
         -9.56900000         -4.10100000         -6.83500000
O              454
         -9.56900000         -4.10100000         -1.36700000
O              455
         -9.56900000         -4.10100000          4.10100000
O              456
         -9.56900000         -4.10100000          9.56900000
O              457
         -9.56900000          1.36700000         -6.83500000
O              458
         -9.56900000          1.36700000         -1.36700000
O              459
         -9.56900000          1.36700000          4.10100000
O              460
         -9.56900000          1.36700000          9.56900000
O              461
         -9.56900000          6.83500000         -6.83500000
O              462
         -9.56900000          6.83500000         -1.36700000
O              463
         -9.56900000          6.83500000          4.10100000
O              464
         -9.56900000          6.83500000          9.56900000
O              465
         -4.10100000         -9.56900000         -6.83500000
O              466
         -4.10100000         -9.56900000         -1.36700000
O              467
         -4.10100000         -9.56900000          4.10100000
O              468
         -4.10100000         -9.56900000          9.56900000
O              469
         -4.10100000         -4.10100000         -6.83500000
O              470
         -4.10100000         -4.10100000         -1.36700000
O              471
         -4.10100000         -4.10100000          4.10100000
O              472
         -4.10100000         -4.10100000          9.56900000
O              473
         -4.10100000          1.36700000         -6.83500000
O              474
         -4.10100000          1.36700000         -1.36700000
O              475
         -4.10100000          1.36700000          4.10100000
O              476
         -4.10100000          1.36700000          9.56900000
O              477
         -4.10100000          6.83500000         -6.83500000
O              478
         -4.10100000          6.83500000         -1.36700000
O              479
         -4.10100000          6.83500000          4.10100000
O              480
         -4.10100000          6.83500000          9.56900000
O              481
          1.36700000         -9.56900000         -6.83500000
O              482
          1.36700000         -9.56900000         -1.36700000
O              483
          1.36700000         -9.56900000          4.10100000
O              484
          1.36700000         -9.56900000          9.56900000
O              485
          1.36700000         -4.10100000         -6.83500000
O              486
          1.36700000         -4.10100000         -1.36700000
O              487
          1.36700000         -4.10100000          4.10100000
O              488
          1.36700000         -4.10100000          9.56900000
O              489
          1.36700000          1.36700000         -6.83500000
O              490
          1.36700000          1.36700000         -1.36700000
O              491
          1.36700000          1.36700000          4.10100000
O              492
          1.36700000          1.36700000          9.56900000
O              493
          1.36700000          6.83500000         -6.83500000
O              494
          1.36700000          6.83500000         -1.36700000
O              495
          1.36700000          6.83500000          4.10100000
O              496
          1.36700000          6.83500000          9.56900000
O              497
          6.83500000         -9.56900000         -6.83500000
O              498
          6.83500000         -9.56900000         -1.36700000
O              499
          6.83500000         -9.56900000          4.10100000
O              500
          6.83500000         -9.56900000          9.56900000
O              501
          6.83500000         -4.10100000         -6.83500000
O              502
          6.83500000         -4.10100000         -1.36700000
O              503
          6.83500000         -4.10100000          4.10100000
O              504
          6.83500000         -4.10100000          9.56900000
O              505
          6.83500000          1.36700000         -6.83500000
O              506
          6.83500000          1.36700000         -1.36700000
O              507
          6.83500000          1.36700000          4.10100000
O              508
          6.83500000          1.36700000          9.56900000
O              509
          6.83500000          6.83500000         -6.83500000
O              510
          6.83500000          6.83500000         -1.36700000
O              511
          6.83500000          6.83500000          4.10100000
O              512
          6.83500000          6.83500000          9.56900000
U              513
        -10.93600000         -8.20200000         -8.20200000
U              514
        -10.93600000         -8.20200000         -2.73400000
U              515
        -10.93600000         -8.20200000          2.73400000
U              516
        -10.93600000         -8.20200000          8.20200000
U              517
        -10.93600000         -2.73400000         -8.20200000
U              518
        -10.93600000         -2.73400000         -2.73400000
U              519
        -10.93600000         -2.73400000          2.73400000
U              520
        -10.93600000         -2.73400000          8.20200000
U              521
        -10.93600000          2.73400000         -8.20200000
U              522
        -10.93600000          2.73400000         -2.73400000
U              523
        -10.93600000          2.73400000          2.73400000
U              524
        -10.93600000          2.73400000          8.20200000
U              525
        -10.93600000          8.20200000         -8.20200000
U              526
        -10.93600000          8.20200000         -2.73400000
U              527
        -10.93600000          8.20200000          2.73400000
U              528
        -10.93600000          8.20200000          8.20200000
U              529
         -5.46800000         -8.20200000         -8.20200000
U              530
         -5.46800000         -8.20200000         -2.73400000
U              531
         -5.46800000         -8.20200000          2.73400000
U              532
         -5.46800000         -8.20200000          8.20200000
U              533
         -5.46800000         -2.73400000         -8.20200000
U              534
         -5.46800000         -2.73400000         -2.73400000
U              535
         -5.46800000         -2.73400000          2.73400000
U              536
         -5.46800000         -2.73400000          8.20200000
U              537
         -5.46800000          2.73400000         -8.20200000
U              538
         -5.46800000          2.73400000         -2.73400000
U              539
         -5.46800000          2.73400000          2.73400000
U              540
         -5.46800000          2.73400000          8.20200000
U              541
         -5.46800000          8.20200000         -8.20200000
U              542
         -5.46800000          8.20200000         -2.73400000
U              543
         -5.46800000          8.20200000          2.73400000
U              544
         -5.46800000          8.20200000          8.20200000
U              545
          0.00000000         -8.20200000         -8.20200000
U              546
          0.00000000         -8.20200000         -2.73400000
U              547
          0.00000000         -8.20200000          2.73400000
U              548
          0.00000000         -8.20200000          8.20200000
U              549
          0.00000000         -2.73400000         -8.20200000
U              550
          0.00000000         -2.73400000         -2.73400000
U              551
          0.00000000         -2.73400000          2.73400000
U              552
          0.00000000         -2.73400000          8.20200000
U              553
          0.00000000          2.73400000         -8.20200000
U              554
          0.00000000          2.73400000         -2.73400000
U              555
          0.00000000          2.73400000          2.73400000
U              556
          0.00000000          2.73400000          8.20200000
U              557
          0.00000000          8.20200000         -8.20200000
U              558
          0.00000000          8.20200000         -2.73400000
U              559
          0.00000000          8.20200000          2.73400000
U              560
          0.00000000          8.20200000          8.20200000
U              561
          5.46800000         -8.20200000         -8.20200000
U              562
          5.46800000         -8.20200000         -2.73400000
U              563
          5.46800000         -8.20200000          2.73400000
U              564
          5.46800000         -8.20200000          8.20200000
U              565
          5.46800000         -2.73400000         -8.20200000
U              566
          5.46800000         -2.73400000         -2.73400000
U              567
          5.46800000         -2.73400000          2.73400000
U              568
          5.46800000         -2.73400000          8.20200000
U              569
          5.46800000          2.73400000         -8.20200000
U              570
          5.46800000          2.73400000         -2.73400000
U              571
          5.46800000          2.73400000          2.73400000
U              572
          5.46800000          2.73400000          8.20200000
U              573
          5.46800000          8.20200000         -8.20200000
U              574
          5.46800000          8.20200000         -2.73400000
U              575
          5.46800000          8.20200000          2.73400000
U              576
          5.46800000          8.20200000          8.20200000
U              577
         -8.20200000        -10.93600000         -8.20200000
U              578
         -8.20200000        -10.93600000         -2.73400000
U              579
         -8.20200000        -10.93600000          2.73400000
U              580
         -8.20200000        -10.93600000          8.20200000
U              581
         -8.20200000         -5.46800000         -8.20200000
U              582
         -8.20200000         -5.46800000         -2.73400000
U              583
         -8.20200000         -5.46800000          2.73400000
U              584
         -8.20200000         -5.46800000          8.20200000
U              585
         -8.20200000          0.00000000         -8.20200000
U              586
         -8.20200000          0.00000000         -2.73400000
U              587
         -8.20200000          0.00000000          2.73400000
U              588
         -8.20200000          0.00000000          8.20200000
U              589
         -8.20200000          5.46800000         -8.20200000
U              590
         -8.20200000          5.46800000         -2.73400000
U              591
         -8.20200000          5.46800000          2.73400000
U              592
         -8.20200000          5.46800000          8.20200000
U              593
         -2.73400000        -10.93600000         -8.20200000
U              594
         -2.73400000        -10.93600000         -2.73400000
U              595
         -2.73400000        -10.93600000          2.73400000
U              596
         -2.73400000        -10.93600000          8.20200000
U              597
         -2.73400000         -5.46800000         -8.20200000
U              598
         -2.73400000         -5.46800000         -2.73400000
U              599
         -2.73400000         -5.46800000          2.73400000
U              600
         -2.73400000         -5.46800000          8.20200000
U              601
         -2.73400000          0.00000000         -8.20200000
U              602
         -2.73400000          0.00000000         -2.73400000
U              603
         -2.73400000          0.00000000          2.73400000
U              604
         -2.73400000          0.00000000          8.20200000
U              605
         -2.73400000          5.46800000         -8.20200000
U              606
         -2.73400000          5.46800000         -2.73400000
U              607
         -2.73400000          5.46800000          2.73400000
U              608
         -2.73400000          5.46800000          8.20200000
U              609
          2.73400000        -10.93600000         -8.20200000
U              610
          2.73400000        -10.93600000         -2.73400000
U              611
          2.73400000        -10.93600000          2.73400000
U              612
          2.73400000        -10.93600000          8.20200000
U              613
          2.73400000         -5.46800000         -8.20200000
U              614
          2.73400000         -5.46800000         -2.73400000
U              615
          2.73400000         -5.46800000          2.73400000
U              616
          2.73400000         -5.46800000          8.20200000
U              617
          2.73400000          0.00000000         -8.20200000
U              618
          2.73400000          0.00000000         -2.73400000
U              619
          2.73400000          0.00000000          2.73400000
U              620
          2.73400000          0.00000000          8.20200000
U              621
          2.73400000          5.46800000         -8.20200000
U              622
          2.73400000          5.46800000         -2.73400000
U              623
          2.73400000          5.46800000          2.73400000
U              624
          2.73400000          5.46800000          8.20200000
U              625
          8.20200000        -10.93600000         -8.20200000
U              626
          8.20200000        -10.93600000         -2.73400000
U              627
          8.20200000        -10.93600000          2.73400000
U              628
          8.20200000        -10.93600000          8.20200000
U              629
          8.20200000         -5.46800000         -8.20200000
U              630
          8.20200000         -5.46800000         -2.73400000
U              631
          8.20200000         -5.46800000          2.73400000
U              632
          8.20200000         -5.46800000          8.20200000
U              633
          8.20200000          0.00000000         -8.20200000
U              634
          8.20200000          0.00000000         -2.73400000
U              635
          8.20200000          0.00000000          2.73400000
U              636
          8.20200000          0.00000000          8.20200000
U              637
          8.20200000          5.46800000         -8.20200000
U              638
          8.20200000          5.46800000         -2.73400000
U              639
          8.20200000          5.46800000          2.73400000
U              640
          8.20200000          5.46800000          8.20200000
U              641
        -10.93600000        -10.93600000        -10.93600000
U              642
        -10.93600000        -10.93600000         -5.46800000
U              643
        -10.93600000        -10.93600000          0.00000000
U              644
        -10.93600000        -10.93600000          5.46800000
U              645
        -10.93600000         -5.46800000        -10.93600000
U              646
        -10.93600000         -5.46800000         -5.46800000
U              647
        -10.93600000         -5.46800000          0.00000000
U              648
        -10.93600000         -5.46800000          5.46800000
U              649
        -10.93600000          0.00000000        -10.93600000
U              650
        -10.93600000          0.00000000         -5.46800000
U              651
        -10.93600000          0.00000000          0.00000000
U              652
        -10.93600000          0.00000000          5.46800000
U              653
        -10.93600000          5.46800000        -10.93600000
U              654
        -10.93600000          5.46800000         -5.46800000
U              655
        -10.93600000          5.46800000          0.00000000
U              656
        -10.93600000          5.46800000          5.46800000
U              657
         -5.46800000        -10.93600000        -10.93600000
U              658
         -5.46800000        -10.93600000         -5.46800000
U              659
         -5.46800000        -10.93600000          0.00000000
U              660
         -5.46800000        -10.93600000          5.46800000
U              661
         -5.46800000         -5.46800000        -10.93600000
U              662
         -5.46800000         -5.46800000         -5.46800000
U              663
         -5.46800000         -5.46800000          0.00000000
U              664
         -5.46800000         -5.46800000          5.46800000
U              665
         -5.46800000          0.00000000        -10.93600000
U              666
         -5.46800000          0.00000000         -5.46800000
U              667
         -5.46800000          0.00000000          0.00000000
U              668
         -5.46800000          0.00000000          5.46800000
U              669
         -5.46800000          5.46800000        -10.93600000
U              670
         -5.46800000          5.46800000         -5.46800000
U              671
         -5.46800000          5.46800000          0.00000000
U              672
         -5.46800000          5.46800000          5.46800000
U              673
          0.00000000        -10.93600000        -10.93600000
U              674
          0.00000000        -10.93600000         -5.46800000
U              675
          0.00000000        -10.93600000          0.00000000
U              676
          0.00000000        -10.93600000          5.46800000
U              677
          0.00000000         -5.46800000        -10.93600000
U              678
          0.00000000         -5.46800000         -5.46800000
U              679
          0.00000000         -5.46800000          0.00000000
U              680
          0.00000000         -5.46800000          5.46800000
U              681
          0.00000000          0.00000000        -10.93600000
U              682
          0.00000000          0.00000000         -5.46800000
U              683
          0.00000000          0.00000000          0.00000000
U              684
          0.00000000          0.00000000          5.46800000
U              685
          0.00000000          5.46800000        -10.93600000
U              686
          0.00000000          5.46800000         -5.46800000
U              687
          0.00000000          5.46800000          0.00000000
U              688
          0.00000000          5.46800000          5.46800000
U              689
          5.46800000        -10.93600000        -10.93600000
U              690
          5.46800000        -10.93600000         -5.46800000
U              691
          5.46800000        -10.93600000          0.00000000
U              692
          5.46800000        -10.93600000          5.46800000
U              693
          5.46800000         -5.46800000        -10.93600000
U              694
          5.46800000         -5.46800000         -5.46800000
U              695
          5.46800000         -5.46800000          0.00000000
U              696
          5.46800000         -5.46800000          5.46800000
U              697
          5.46800000          0.00000000        -10.93600000
U              698
          5.46800000          0.00000000         -5.46800000
U              699
          5.46800000          0.00000000          0.00000000
U              700
          5.46800000          0.00000000          5.46800000
U              701
          5.46800000          5.46800000        -10.93600000
U              702
          5.46800000          5.46800000         -5.46800000
U              703
          5.46800000          5.46800000          0.00000000
U              704
          5.46800000          5.46800000          5.46800000
U              705
         -8.20200000         -8.20200000        -10.93600000
U              706
         -8.20200000         -8.20200000         -5.46800000
U              707
         -8.20200000         -8.20200000          0.00000000
U              708
         -8.20200000         -8.20200000          5.46800000
U              709
         -8.20200000         -2.73400000        -10.93600000
U              710
         -8.20200000         -2.73400000         -5.46800000
U              711
         -8.20200000         -2.73400000          0.00000000
U              712
         -8.20200000         -2.73400000          5.46800000
U              713
         -8.20200000          2.73400000        -10.93600000
U              714
         -8.20200000          2.73400000         -5.46800000
U              715
         -8.20200000          2.73400000          0.00000000
U              716
         -8.20200000          2.73400000          5.46800000
U              717
         -8.20200000          8.20200000        -10.93600000
U              718
         -8.20200000          8.20200000         -5.46800000
U              719
         -8.20200000          8.20200000          0.00000000
U              720
         -8.20200000          8.20200000          5.46800000
U              721
         -2.73400000         -8.20200000        -10.93600000
U              722
         -2.73400000         -8.20200000         -5.46800000
U              723
         -2.73400000         -8.20200000          0.00000000
U              724
         -2.73400000         -8.20200000          5.46800000
U              725
         -2.73400000         -2.73400000        -10.93600000
U              726
         -2.73400000         -2.73400000         -5.46800000
U              727
         -2.73400000         -2.73400000          0.00000000
U              728
         -2.73400000         -2.73400000          5.46800000
U              729
         -2.73400000          2.73400000        -10.93600000
U              730
         -2.73400000          2.73400000         -5.46800000
U              731
         -2.73400000          2.73400000          0.00000000
U              732
         -2.73400000          2.73400000          5.46800000
U              733
         -2.73400000          8.20200000        -10.93600000
U              734
         -2.73400000          8.20200000         -5.46800000
U              735
         -2.73400000          8.20200000          0.00000000
U              736
         -2.73400000          8.20200000          5.46800000
U              737
          2.73400000         -8.20200000        -10.93600000
U              738
          2.73400000         -8.20200000         -5.46800000
U              739
          2.73400000         -8.20200000          0.00000000
U              740
          2.73400000         -8.20200000          5.46800000
U              741
          2.73400000         -2.73400000        -10.93600000
U              742
          2.73400000         -2.73400000         -5.46800000
U              743
          2.73400000         -2.73400000          0.00000000
U              744
          2.73400000         -2.73400000          5.46800000
U              745
          2.73400000          2.73400000        -10.93600000
U              746
          2.73400000          2.73400000         -5.46800000
U              747
          2.73400000          2.73400000          0.00000000
U              748
          2.73400000          2.73400000          5.46800000
U              749
          2.73400000          8.20200000        -10.93600000
U              750
          2.73400000          8.20200000         -5.46800000
U              751
          2.73400000          8.20200000          0.00000000
U              752
          2.73400000          8.20200000          5.46800000
U              753
          8.20200000         -8.20200000        -10.93600000
U              754
          8.20200000         -8.20200000         -5.46800000
U              755
          8.20200000         -8.20200000          0.00000000
U              756
          8.20200000         -8.20200000          5.46800000
U              757
          8.20200000         -2.73400000        -10.93600000
U              758
          8.20200000         -2.73400000         -5.46800000
U              759
          8.20200000         -2.73400000          0.00000000
U              760
          8.20200000         -2.73400000          5.46800000
U              761
          8.20200000          2.73400000        -10.93600000
U              762
          8.20200000          2.73400000         -5.46800000
U              763
          8.20200000          2.73400000          0.00000000
U              764
          8.20200000          2.73400000          5.46800000
U              765
          8.20200000          8.20200000        -10.93600000
U              766
          8.20200000          8.20200000         -5.46800000
U              767
          8.20200000          8.20200000          0.00000000
U              768
          8.20200000          8.20200000          5.46800000
